# x exact prior analysis
0.000000000000000000e+00 1.000000000000000000e+00 9.990186157002003409e-01 9.987878489109018876e-01
3.906250000000000000e-03 1.000000000000000000e+00 9.985548826867438610e-01 9.983682546288952242e-01
7.812500000000000000e-03 1.000000000000000000e+00 9.986125962411043222e-01 9.984476300049516251e-01
1.171875000000000000e-02 1.000000000000000000e+00 9.990133643009790898e-01 9.988568043454273404e-01
1.562500000000000000e-02 1.000000000000000000e+00 9.995889427715194397e-01 9.994358444857935897e-01
1.953125000000000000e-02 1.000000000000000000e+00 1.000199535497771297e+00 1.000049937792295784e+00
2.343750000000000000e-02 1.000000000000000000e+00 1.000741319462334467e+00 1.000596818777132357e+00
2.734375000000000000e-02 1.000000000000000000e+00 1.001148650660304229e+00 1.001010109511467627e+00
3.125000000000000000e-02 1.000000000000000000e+00 1.001388600642994842e+00 1.001255482123015739e+00
3.515625000000000000e-02 1.000000000000000000e+00 1.001456583006766321e+00 1.001327413262759647e+00
3.906250000000000000e-02 1.000000000000000000e+00 1.001380538126096509e+00 1.001253651899345565e+00
4.296875000000000000e-02 1.000000000000000000e+00 1.001225278227652948e+00 1.001099444295192153e+00
4.687500000000000000e-02 1.000000000000000000e+00 1.001089711990581721e+00 1.000964467114903611e+00
5.078125000000000000e-02 1.000000000000000000e+00 1.001089460646424456e+00 1.000965247737408914e+00
5.468750000000000000e-02 1.000000000000000000e+00 1.001305391522186117e+00 1.001183865160818476e+00
5.859375000000000000e-02 1.000000000000000000e+00 1.001671291063507052e+00 1.001556034035414156e+00
6.250000000000000000e-02 1.000000000000000000e+00 1.002082275439906578e+00 1.001977779262239077e+00
6.640625000000000000e-02 1.000000000000000000e+00 1.002444214470848971e+00 1.002354631102601923e+00
7.031250000000000000e-02 1.000000000000000000e+00 1.002690063365932804e+00 1.002618208291588653e+00
7.421875000000000000e-02 1.000000000000000000e+00 1.002783597591759168e+00 1.002730399577284270e+00
7.812500000000000000e-02 1.000000000000000000e+00 1.002715646055014620e+00 1.002680080961355857e+00
8.203125000000000000e-02 1.000000000000000000e+00 1.002490796461531275e+00 1.002470238290755100e+00
8.593750000000000000e-02 1.000000000000000000e+00 1.002126355541170355e+00 1.002117180222377391e+00
8.984375000000000000e-02 1.000000000000000000e+00 1.001664134625205538e+00 1.001662435474796720e+00
9.375000000000000000e-02 1.000000000000000000e+00 1.001173949317787359e+00 1.001176194335080538e+00
9.765625000000000000e-02 1.000000000000000000e+00 1.000750464975443732e+00 1.000753909107950923e+00
1.015625000000000000e-01 1.000000000000000000e+00 1.000497336303217688e+00 1.000500073794917455e+00
1.054687500000000000e-01 1.000000000000000000e+00 1.000477175337287639e+00 1.000477906595701239e+00
1.093750000000000000e-01 1.000000000000000000e+00 1.000604892876183705e+00 1.000602943823885482e+00
1.132812500000000000e-01 1.000000000000000000e+00 1.000764271136491690e+00 1.000759782394699204e+00
1.171875000000000000e-01 1.000000000000000000e+00 1.000861902429433403e+00 1.000856299241391634e+00
1.210937500000000000e-01 1.000000000000000000e+00 1.000844098325645248e+00 1.000840572765610004e+00
1.250000000000000000e-01 1.000000000000000000e+00 1.000696333370600710e+00 1.000699995249730412e+00
1.289062500000000000e-01 1.000000000000000000e+00 1.000433118559857615e+00 1.000450631344062646e+00
1.328125000000000000e-01 1.000000000000000000e+00 1.000081340987037937e+00 1.000120166087054008e+00
1.367187500000000000e-01 1.000000000000000000e+00 9.996747540485575456e-01 9.997419491766503796e-01
1.406250000000000000e-01 1.000000000000000000e+00 9.992589749081940420e-01 9.993592734133114330e-01
1.445312500000000000e-01 1.000000000000000000e+00 9.988925337447097652e-01 9.990259473548466218e-01
1.484375000000000000e-01 1.000000000000000000e+00 9.986459668914970944e-01 9.988055981380442594e-01
1.523437500000000000e-01 1.000000000000000000e+00 9.985947031730957324e-01 9.987660401014982758e-01
1.562500000000000000e-01 1.000000000000000000e+00 9.987874836141850121e-01 9.989516184220750272e-01
1.601562500000000000e-01 1.000000000000000000e+00 9.991630046581840841e-01 9.993061410105072984e-01
1.640625000000000000e-01 1.000000000000000000e+00 9.996332450817732029e-01 9.997498036517951103e-01
1.679687500000000000e-01 1.000000000000000000e+00 1.000114564035792242e+00 1.000206201633531577e+00
1.718750000000000000e-01 1.000000000000000000e+00 1.000536920907397542e+00 1.000609846364016287e+00
1.757812500000000000e-01 1.000000000000000000e+00 1.000848961882197408e+00 1.000910914881583347e+00
1.796875000000000000e-01 1.000000000000000000e+00 1.001019844626518829e+00 1.001077607140027359e+00
1.835937500000000000e-01 1.000000000000000000e+00 1.001032927756372759e+00 1.001090622279209308e+00
1.875000000000000000e-01 1.000000000000000000e+00 1.000890850264612109e+00 1.000949294586680693e+00
1.914062500000000000e-01 1.000000000000000000e+00 1.000631202552147547e+00 1.000688537051369620e+00
1.953125000000000000e-01 1.000000000000000000e+00 1.000339684219877734e+00 1.000392976198559269e+00
1.992187500000000000e-01 1.000000000000000000e+00 1.000212894155885213e+00 1.000260308161980305e+00
2.031250000000000000e-01 1.000000000000000000e+00 1.000418783856123595e+00 1.000461550528295218e+00
2.070312500000000000e-01 1.000000000000000000e+00 1.000967616370494362e+00 1.001008139173299671e+00
2.109375000000000000e-01 1.000000000000000000e+00 1.001706305329148838e+00 1.001741220149789502e+00
2.148437500000000000e-01 1.000000000000000000e+00 1.002442261354207886e+00 1.002454745865700714e+00
2.187500000000000000e-01 1.000000000000000000e+00 1.003001082539871192e+00 1.002957465127890524e+00
2.226562500000000000e-01 1.000000000000000000e+00 1.003253780342362456e+00 1.003113653794921678e+00
2.265625000000000000e-01 1.000000000000000000e+00 1.003130243921320774e+00 1.002878621280612670e+00
2.304687500000000000e-01 1.000000000000000000e+00 1.002614432991254745e+00 1.002307364907786269e+00
2.343750000000000000e-01 1.000000000000000000e+00 1.001706086153387520e+00 1.001486203141459086e+00
2.382812500000000000e-01 1.000000000000000000e+00 1.000435413032268128e+00 1.000478029960129023e+00
2.421875000000000000e-01 1.000000000000000000e+00 9.989543788196577623e-01 9.994234748660399958e-01
2.460937500000000000e-01 1.000000000000000000e+00 9.974215012354370469e-01 9.984767324263753574e-01
2.500000000000000000e-01 1.000000000000000000e+00 9.959263880269848546e-01 9.977881439949211062e-01
2.539062500000000000e-01 1.000000000000000000e+00 9.944854447480333537e-01 9.975313266860034167e-01
2.578125000000000000e-01 1.000000000000000000e+00 9.929816031256304409e-01 9.977274085068905674e-01
2.617187500000000000e-01 1.000000000000000000e+00 9.909395416624825481e-01 9.977244712830796169e-01
2.656250000000000000e-01 1.000000000000000000e+00 9.877494725404064591e-01 9.966214059663904834e-01
2.695312500000000000e-01 1.000000000000000000e+00 9.828562323573200032e-01 9.935441914484719472e-01
2.734375000000000000e-01 1.000000000000000000e+00 9.763526715956956092e-01 9.885050151315782907e-01
2.773437500000000000e-01 9.859874200845095693e-01 9.698662111133156127e-01 9.833985818481429941e-01
2.812500000000000000e-01 9.717334900750871363e-01 9.625230587954737294e-01 9.760672357522338638e-01
2.851562500000000000e-01 9.576448883570347625e-01 9.540100357803970033e-01 9.659308754813424880e-01
2.890625000000000000e-01 9.437201725360964133e-01 9.444038012650930458e-01 9.534995336022911161e-01
2.929687500000000000e-01 9.299579086318938703e-01 9.339248748799201527e-01 9.396052697040675472e-01
2.968750000000000000e-01 9.163566710533144200e-01 9.228438750783343192e-01 9.250708155902342966e-01
3.007812500000000000e-01 9.029150425738987629e-01 9.114462038518104103e-01 9.105760822380963848e-01
3.046875000000000000e-01 8.896316143072300342e-01 8.999430168941457975e-01 8.965611344760169299e-01
3.085937500000000000e-01 8.765049856823209362e-01 8.884123226925531025e-01 8.831988415086564626e-01
3.125000000000000000e-01 8.635337644190008710e-01 8.766823678999594582e-01 8.703082799129890912e-01
3.164062500000000000e-01 8.507165665033049606e-01 8.645284520913886217e-01 8.575957970338059511e-01
3.203125000000000000e-01 8.380520161628618458e-01 8.518061243459156273e-01 8.448127980954163174e-01
3.242187500000000000e-01 8.255387458422810409e-01 8.384788619408487520e-01 8.317982869642477350e-01
3.281250000000000000e-01 8.131753961785412876e-01 8.247137789739673597e-01 8.186166228935665146e-01
3.320312500000000000e-01 8.009606159763770217e-01 8.107167986338419396e-01 8.053506906441200153e-01
3.359375000000000000e-01 7.888930621836689472e-01 7.967040369634249553e-01 7.921152818357841685e-01
3.398437500000000000e-01 7.769713998668302812e-01 7.829349650951306083e-01 7.790946550205990473e-01
3.437500000000000000e-01 7.651943021861935534e-01 7.696555579837196515e-01 7.664915917003556345e-01
3.476562500000000000e-01 7.535604503714010693e-01 7.569851721010560919e-01 7.544049315542292744e-01
3.515625000000000000e-01 7.420685336967909329e-01 7.449519012853512701e-01 7.428786701907654777e-01
3.554687500000000000e-01 7.307172494567854004e-01 7.335233357679926680e-01 7.318972163532386777e-01
3.593750000000000000e-01 7.195053029412789014e-01 7.226578338825332404e-01 7.214271418522117951e-01
3.632812500000000000e-01 7.084314074110276138e-01 7.122897098514104908e-01 7.114010644712152054e-01
3.671875000000000000e-01 6.974942840730317117e-01 7.022872723535071859e-01 7.016812491717402400e-01
3.710937500000000000e-01 6.866926620559303807e-01 6.925153877193827023e-01 6.921256686210368603e-01
3.750000000000000000e-01 6.760252783853861747e-01 6.828353227862139496e-01 6.825901975309052183e-01
3.789062500000000000e-01 6.654908779594715940e-01 6.730865717917445812e-01 6.729165394737381956e-01
3.828125000000000000e-01 6.550882135240601034e-01 6.631584594685587808e-01 6.630055300490304004e-01
3.867187500000000000e-01 6.448160456482122660e-01 6.530187213909878219e-01 6.528399799853980001e-01
3.906250000000000000e-01 6.346731426995626535e-01 6.426833876923870870e-01 6.424504532695305414e-01
3.945312500000000000e-01 6.246582808197118641e-01 6.321779706639751861e-01 6.318783328694654866e-01
3.984375000000000000e-01 6.147702438996088814e-01 6.215397831645670390e-01 6.211759366601803389e-01
4.023437500000000000e-01 6.050078235549432026e-01 6.108400356850830493e-01 6.104256729187036434e-01
4.062500000000000000e-01 5.953698191015286412e-01 6.001761030284150644e-01 5.997358908503956920e-01
4.101562500000000000e-01 5.858550375306970093e-01 5.896152855189378261e-01 5.891716917123966946e-01
4.140625000000000000e-01 5.764622934846801439e-01 5.792008459079545091e-01 5.787744406340304959e-01
4.179687500000000000e-01 5.671904092320021462e-01 5.689592968963446129e-01 5.685648738522112167e-01
4.218750000000000000e-01 5.580382146428645163e-01 5.589420945487592052e-01 5.585901905785762844e-01
4.257812500000000000e-01 5.490045471645358388e-01 5.491964581881472185e-01 5.488912246732379208e-01
4.296875000000000000e-01 5.400882517967374730e-01 5.397395832537431604e-01 5.394767086999212591e-01
4.335937500000000000e-01 5.312881810670342375e-01 5.305603120421326091e-01 5.303312723151911712e-01
4.375000000000000000e-01 5.226031950062203224e-01 5.216576156694774369e-01 5.214494013630951441e-01
4.414062500000000000e-01 5.140321611237079757e-01 5.130385185132319004e-01 5.128312457575475714e-01
4.453125000000000000e-01 5.055739543829138594e-01 5.046897746202393398e-01 5.044550220867171086e-01
4.492187500000000000e-01 4.972274571766517326e-01 4.966302118010121336e-01 4.963314314394218774e-01
4.531250000000000000e-01 4.889915593025125351e-01 4.888155419130352786e-01 4.884117617520312704e-01
4.570312500000000000e-01 4.808651579382587915e-01 4.812352242531464652e-01 4.806876318938367865e-01
4.609375000000000000e-01 4.728471576172111335e-01 4.738515857141439858e-01 4.731134179668557982e-01
4.648437500000000000e-01 4.649364702036346553e-01 4.666465752004483325e-01 4.656392990015533195e-01
4.687500000000000000e-01 4.571320148681257689e-01 4.597577634153744985e-01 4.584231744007625231e-01
4.726562500000000000e-01 4.494327180630037222e-01 4.530564852984889646e-01 4.513268566201492082e-01
4.765625000000000000e-01 4.418375134976971208e-01 4.468234802269485106e-01 4.445684150247560251e-01
4.804687500000000000e-01 4.343453421141307835e-01 4.411834917538903222e-01 4.383695982515377065e-01
4.843750000000000000e-01 4.269551520621125418e-01 4.364038698767995217e-01 4.331566562662457764e-01
4.882812500000000000e-01 4.263194281784951079e-01 4.323820435267401452e-01 4.288052455146317277e-01
4.921875000000000000e-01 4.263194281784951079e-01 4.295089475135948076e-01 4.261573190271869538e-01
4.960937500000000000e-01 4.263194281784951079e-01 4.274746840679963245e-01 4.247548312114046709e-01
5.000000000000000000e-01 4.263194281784951079e-01 4.258867910777127119e-01 4.240177219926832275e-01
5.039062500000000000e-01 4.263194281784951079e-01 4.246607150360418581e-01 4.237502221612102771e-01
5.078125000000000000e-01 4.263194281784951079e-01 4.236060128822220494e-01 4.235308882230360839e-01
5.117187500000000000e-01 4.263194281784951079e-01 4.224894632107941694e-01 4.230378169326203808e-01
5.156250000000000000e-01 4.263194281784951079e-01 4.216020778538143721e-01 4.224666829253664879e-01
5.195312500000000000e-01 4.263194281784951079e-01 4.211394735034948988e-01 4.220524159264804065e-01
5.234375000000000000e-01 4.263194281784951079e-01 4.210204756288142280e-01 4.218137527526263919e-01
5.273437500000000000e-01 4.263194281784951079e-01 4.211424861463151648e-01 4.217490588692197617e-01
5.312500000000000000e-01 4.263194281784951079e-01 4.212570546258234683e-01 4.216887218831810169e-01
5.351562500000000000e-01 4.263194281784951079e-01 4.215360649673588478e-01 4.218389392373279589e-01
5.390625000000000000e-01 4.263194281784951079e-01 4.218170127918300372e-01 4.220482583915187158e-01
5.429687500000000000e-01 4.263194281784951079e-01 4.224292973643354321e-01 4.225962238035337881e-01
5.468750000000000000e-01 4.263194281784951079e-01 4.235765457923372779e-01 4.236358280412947930e-01
5.507812500000000000e-01 4.263194281784951079e-01 4.250271979445646164e-01 4.249405267100117567e-01
5.546875000000000000e-01 4.263194281784951079e-01 4.266479553171418360e-01 4.264454772766533841e-01
5.585937500000000000e-01 4.263194281784951079e-01 4.275895590078480635e-01 4.273096801011962986e-01
5.625000000000000000e-01 4.263194281784951079e-01 4.283731726293725228e-01 4.280581828556698776e-01
5.664062500000000000e-01 4.263194281784951079e-01 4.290822629163139057e-01 4.287900817517931173e-01
5.703125000000000000e-01 4.263194281784951079e-01 4.295866129731848448e-01 4.293740823730272105e-01
5.742187500000000000e-01 4.263194281784951079e-01 4.294376260551351909e-01 4.293547972956578418e-01
5.781250000000000000e-01 4.263194281784951079e-01 4.285760817923210952e-01 4.286673550977718739e-01
5.820312500000000000e-01 4.263194281784951079e-01 4.265041272422512852e-01 4.267636319657815980e-01
5.859375000000000000e-01 4.263194281784951079e-01 4.233002812912353141e-01 4.236556973353595157e-01
5.898437500000000000e-01 4.263194281784951079e-01 4.194304308530955039e-01 4.198727171917719936e-01
5.937500000000000000e-01 4.263194281784951079e-01 4.165027868284610912e-01 4.170266770227034070e-01
5.976562500000000000e-01 4.263194281784951079e-01 4.160582808051861425e-01 4.168072116976674346e-01
6.015625000000000000e-01 4.263194281784951079e-01 4.181940008986976265e-01 4.192382958477618438e-01
6.054687500000000000e-01 4.263194281784951079e-01 4.200691379693873850e-01 4.212154967315405729e-01
6.093750000000000000e-01 4.263194281784951079e-01 4.205988900408597075e-01 4.217080847582885816e-01
6.132812500000000000e-01 4.263194281784951079e-01 4.206082002894384608e-01 4.216069881353805004e-01
6.171875000000000000e-01 4.263194281784951079e-01 4.204827273025714685e-01 4.212638820935565853e-01
6.210937500000000000e-01 4.263194281784951079e-01 4.206636207453268161e-01 4.211125960207603436e-01
6.250000000000000000e-01 4.263194281784951079e-01 4.218058032989164263e-01 4.214586158249064018e-01
6.289062500000000000e-01 4.263194281784951079e-01 4.248484868579915918e-01 4.226234472801066455e-01
6.328125000000000000e-01 4.263194281784951079e-01 4.290650346226883016e-01 4.241944730622296267e-01
6.367187500000000000e-01 4.263194281784951079e-01 4.326356696737010954e-01 4.253818362364036321e-01
6.406250000000000000e-01 4.263194281784951079e-01 4.339200559394072454e-01 4.268957277596798217e-01
6.445312500000000000e-01 4.263194281784951079e-01 4.326006711830000517e-01 4.282536126280238054e-01
6.484375000000000000e-01 4.263194281784951079e-01 4.301967612798717755e-01 4.288995408580482116e-01
6.523437500000000000e-01 4.263194281784951079e-01 4.275191181281178809e-01 4.292270763529238975e-01
6.562500000000000000e-01 4.263194281784951079e-01 4.240338417495411738e-01 4.298582713115324805e-01
6.601562500000000000e-01 4.263194281784951079e-01 4.183249845219292884e-01 4.276367624762400510e-01
6.640625000000000000e-01 4.263194281784951079e-01 4.076045734995062952e-01 4.175774988723160996e-01
6.679687500000000000e-01 4.263194281784951079e-01 3.904182855103420779e-01 3.964461474606432723e-01
6.718750000000000000e-01 4.263194281784951079e-01 3.657151867208262019e-01 3.615605912684666801e-01
6.757812500000000000e-01 2.655737117053070806e-01 3.350157698244170534e-01 3.141858088177819086e-01
6.796875000000000000e-01 2.655737117053070806e-01 3.073276115572983747e-01 2.755254709297626503e-01
6.835937500000000000e-01 2.655737117053070806e-01 2.920321124743681662e-01 2.654143047979011238e-01
6.875000000000000000e-01 2.655737117053070806e-01 2.837745238260552250e-01 2.668895099266332949e-01
6.914062500000000000e-01 2.655737117053070806e-01 2.796287273356277692e-01 2.711292099358861285e-01
6.953125000000000000e-01 2.655737117053070806e-01 2.773532799155279394e-01 2.745962932035744264e-01
6.992187500000000000e-01 2.655737117053070806e-01 2.754078603974574602e-01 2.758397595697858473e-01
7.031250000000000000e-01 2.655737117053070806e-01 2.728438342608733302e-01 2.743674490090072249e-01
7.070312500000000000e-01 2.655737117053070806e-01 2.698568928791017507e-01 2.713427311034016798e-01
7.109375000000000000e-01 2.655737117053070806e-01 2.663667412516970701e-01 2.671861143340339417e-01
7.148437500000000000e-01 2.655737117053070806e-01 2.626995618620163730e-01 2.629922526426512475e-01
7.187500000000000000e-01 2.655737117053070806e-01 2.593182105089734124e-01 2.594693132994879137e-01
7.226562500000000000e-01 2.655737117053070806e-01 2.571123814664973972e-01 2.573848864883378496e-01
7.265625000000000000e-01 2.655737117053070806e-01 2.560803195957749301e-01 2.563164817518575611e-01
7.304687500000000000e-01 2.655737117053070806e-01 2.557979265010870695e-01 2.559277239242117585e-01
7.343750000000000000e-01 2.655737117053070806e-01 2.561503449904967700e-01 2.561731453946479165e-01
7.382812500000000000e-01 2.655737117053070806e-01 2.569615953064824931e-01 2.568605471207938695e-01
7.421875000000000000e-01 2.655737117053070806e-01 2.580179701603754761e-01 2.576940238206731904e-01
7.460937500000000000e-01 2.655737117053070806e-01 2.594237305037110364e-01 2.585308127180606097e-01
7.500000000000000000e-01 2.655737117053070806e-01 2.617425806465033533e-01 2.597592707085326635e-01
7.539062500000000000e-01 2.655737117053070806e-01 2.645694608687015892e-01 2.613935096244818235e-01
7.578125000000000000e-01 2.655737117053070806e-01 2.676092312576162646e-01 2.638298526660433074e-01
7.617187500000000000e-01 2.655737117053070806e-01 2.699700547328626188e-01 2.666467861083904878e-01
7.656250000000000000e-01 2.655737117053070806e-01 2.720002798014410361e-01 2.696930696496963042e-01
7.695312500000000000e-01 2.655737117053070806e-01 2.757211300906274309e-01 2.744740621204411757e-01
7.734375000000000000e-01 2.655737117053070806e-01 2.823880720360399388e-01 2.822518882373626914e-01
7.773437500000000000e-01 2.655737117053070806e-01 2.919819719771634126e-01 2.937655260710271832e-01
7.812500000000000000e-01 2.655737117053070806e-01 3.035892190097249643e-01 3.083034268814236478e-01
7.851562500000000000e-01 2.655737117053070806e-01 3.099854948296409951e-01 3.142278269059440854e-01
7.890625000000000000e-01 2.655737117053070806e-01 3.094735017510272246e-01 3.090580780893280033e-01
7.929687500000000000e-01 2.655737117053070806e-01 3.022795634456786895e-01 2.928454717282936715e-01
7.968750000000000000e-01 2.655737117053070806e-01 2.881056246421985767e-01 2.692077053279732790e-01
8.007812500000000000e-01 2.655737117053070806e-01 2.714516389621194348e-01 2.529287458993974558e-01
8.046875000000000000e-01 2.655737117053070806e-01 2.559494751352277553e-01 2.488237712947320990e-01
8.085937500000000000e-01 2.655737117053070806e-01 2.422483558256839087e-01 2.560793804007783780e-01
8.125000000000000000e-01 2.655737117053070806e-01 2.296759256111746139e-01 2.749834435804142663e-01
8.164062500000000000e-01 2.655737117053070806e-01 2.179657233306853958e-01 2.985262161609333331e-01
8.203125000000000000e-01 2.655737117053070806e-01 2.089856137729644292e-01 3.149661415950920085e-01
8.242187500000000000e-01 2.655737117053070806e-01 1.986417644084411682e-01 3.047233526087000377e-01
8.281250000000000000e-01 2.655737117053070806e-01 1.865715519229061425e-01 2.408564073228449676e-01
8.320312500000000000e-01 1.250000000000000000e-01 1.746599636260220412e-01 1.575560315782914556e-01
8.359375000000000000e-01 1.250000000000000000e-01 1.644229316389162476e-01 1.165964929676728684e-01
8.398437500000000000e-01 1.250000000000000000e-01 1.539251070292485257e-01 1.084895687718896023e-01
8.437500000000000000e-01 1.250000000000000000e-01 1.454758107822994584e-01 1.116456237063818691e-01
8.476562500000000000e-01 1.250000000000000000e-01 1.367520489949795026e-01 1.180409669152654023e-01
8.515625000000000000e-01 1.250000000000000000e-01 1.288812126788995704e-01 1.239146804701410226e-01
8.554687500000000000e-01 1.250000000000000000e-01 1.262537442239465846e-01 1.259560472933855535e-01
8.593750000000000000e-01 1.250000000000000000e-01 1.257074295477723369e-01 1.265268142544422603e-01
8.632812500000000000e-01 1.250000000000000000e-01 1.255752324781926332e-01 1.267603027119057202e-01
8.671875000000000000e-01 1.250000000000000000e-01 1.255801345925168788e-01 1.268859577411292350e-01
8.710937500000000000e-01 1.250000000000000000e-01 1.256778450470993902e-01 1.269612447186783122e-01
8.750000000000000000e-01 1.250000000000000000e-01 1.258429185738953460e-01 1.270114978554252594e-01
8.789062500000000000e-01 1.250000000000000000e-01 1.260428892265766376e-01 1.270432562452116776e-01
8.828125000000000000e-01 1.250000000000000000e-01 1.262412928114842181e-01 1.270548603075519756e-01
8.867187500000000000e-01 1.250000000000000000e-01 1.264045772182597338e-01 1.270449876941411038e-01
8.906250000000000000e-01 1.250000000000000000e-01 1.265079107723480201e-01 1.270141232930244723e-01
8.945312500000000000e-01 1.250000000000000000e-01 1.265387099685431616e-01 1.269630379738861670e-01
8.984375000000000000e-01 1.250000000000000000e-01 1.264992610506275317e-01 1.268920577311699882e-01
9.023437500000000000e-01 1.250000000000000000e-01 1.264073307780581301e-01 1.268034679829723732e-01
9.062500000000000000e-01 1.250000000000000000e-01 1.262924756037667184e-01 1.267054794992346634e-01
9.101562500000000000e-01 1.250000000000000000e-01 1.261896602326654515e-01 1.266147612494988584e-01
9.140625000000000000e-01 1.250000000000000000e-01 1.261318775930513336e-01 1.265560443691911841e-01
9.179687500000000000e-01 1.250000000000000000e-01 1.261380557575464967e-01 1.265456730222389026e-01
9.218750000000000000e-01 1.250000000000000000e-01 1.261956629785042638e-01 1.265709340832444074e-01
9.257812500000000000e-01 1.250000000000000000e-01 1.262785284487024096e-01 1.266070122747200155e-01
9.296875000000000000e-01 1.250000000000000000e-01 1.263582656421121386e-01 1.266273312124600037e-01
9.335937500000000000e-01 1.250000000000000000e-01 1.264107687206729169e-01 1.266092733835780526e-01
9.375000000000000000e-01 1.250000000000000000e-01 1.264201921583631982e-01 1.265376533425630057e-01
9.414062500000000000e-01 1.250000000000000000e-01 1.263806358695053478e-01 1.264067281880420224e-01
9.453125000000000000e-01 1.250000000000000000e-01 1.262962222140560642e-01 1.262215544497546915e-01
9.492187500000000000e-01 1.250000000000000000e-01 1.261804264089247396e-01 1.259989494646162889e-01
9.531250000000000000e-01 1.250000000000000000e-01 1.260544905749677869e-01 1.257669143558598490e-01
9.570312500000000000e-01 1.250000000000000000e-01 1.259446718508521468e-01 1.255616072128959981e-01
9.609375000000000000e-01 1.250000000000000000e-01 1.258789745935119109e-01 1.254224254794150395e-01
9.648437500000000000e-01 1.250000000000000000e-01 1.258837139583252607e-01 1.253861671891374763e-01
9.687500000000000000e-01 1.250000000000000000e-01 1.259768285247797326e-01 1.254765201791228080e-01
9.726562500000000000e-01 1.250000000000000000e-01 1.261540360627620150e-01 1.256849315953139368e-01
9.765625000000000000e-01 1.250000000000000000e-01 1.264020876478312849e-01 1.259885930080012206e-01
9.804687500000000000e-01 1.250000000000000000e-01 1.267045579033931890e-01 1.263600645489285357e-01
9.843750000000000000e-01 1.250000000000000000e-01 1.270433215136095861e-01 1.267710566173127218e-01
9.882812500000000000e-01 1.250000000000000000e-01 1.273997580656723305e-01 1.271950967428488732e-01
9.921875000000000000e-01 1.250000000000000000e-01 1.277556750652531492e-01 1.276090377409893062e-01
9.960937500000000000e-01 1.250000000000000000e-01 1.280940692181450624e-01 1.279937327550500492e-01
